{
 "cells": [
  {
   "cell_type": "markdown",
   "metadata": {
    "application/vnd.databricks.v1+cell": {
     "cellMetadata": {
      "byteLimit": 2048000,
      "rowLimit": 10000
     },
     "inputWidgets": {},
     "nuid": "b1facab6-ecee-48e7-88ed-f5fcbf7a80b3",
     "showTitle": false,
     "tableResultSettingsMap": {},
     "title": ""
    }
   },
   "source": [
    "# Retail Sales Performance Dashboard — Week 4\n",
    "## ETL Pipeline in Azure Databricks\n",
    "### Setup: Upload cleaned sales data to DBFS"
   ]
  },
  {
   "cell_type": "code",
   "execution_count": 0,
   "metadata": {
    "application/vnd.databricks.v1+cell": {
     "cellMetadata": {
      "byteLimit": 2048000,
      "rowLimit": 10000
     },
     "finishTime": 1782469198881,
     "inputWidgets": {},
     "nuid": "4e228eec-b7e3-4782-aa85-6e6bed480181",
     "showTitle": false,
     "startTime": 1782469175591,
     "submitTime": 1782469169492,
     "tableResultSettingsMap": {},
     "title": ""
    }
   },
   "outputs": [
    {
     "output_type": "stream",
     "name": "stdout",
     "output_type": "stream",
     "text": [
      "Wrote 1651 bytes.\nWrote 341 bytes.\nWrote 183 bytes.\nAll files uploaded to DBFS!\n"
     ]
    }
   ],
   "source": [
    "sales_data = \"\"\"sale_id,store_id,product_id,quantity,price,cost,sale_date,discount_pct,revenue,total_cost,profit,profit_margin_pct\n",
    "1,1,1,5,599.0,350.0,2026-06-01,5.0,2845.25,1750.0,1095.25,38.49\n",
    "2,1,3,10,499.0,200.0,2026-06-01,0.0,4990.0,2000.0,2990.0,59.92\n",
    "3,2,2,3,1499.0,900.0,2026-06-02,10.0,4047.3,2700.0,1347.3,33.29\n",
    "4,2,4,5,2999.0,1800.0,2026-06-02,0.0,14995.0,9000.0,5995.0,39.98\n",
    "5,3,5,1,3499.0,2200.0,2026-06-03,15.0,2974.15,2200.0,774.15,26.03\n",
    "6,3,6,7,899.0,450.0,2026-06-03,0.0,6293.0,3150.0,3143.0,49.94\n",
    "7,4,7,4,1299.0,700.0,2026-06-04,5.0,4936.2,2800.0,2136.2,43.28\n",
    "8,4,8,6,799.0,400.0,2026-06-04,0.0,4794.0,2400.0,2394.0,49.94\n",
    "9,5,1,8,599.0,350.0,2026-06-05,0.0,4792.0,2800.0,1992.0,41.57\n",
    "10,5,3,12,499.0,200.0,2026-06-05,20.0,4790.4,2400.0,2390.4,49.9\n",
    "11,1,4,2,2999.0,1800.0,2026-06-06,0.0,5998.0,3600.0,2398.0,39.98\n",
    "12,2,7,3,1299.0,700.0,2026-06-07,5.0,3702.15,2100.0,1602.15,43.28\n",
    "13,3,2,3,1499.0,900.0,2026-06-07,0.0,4497.0,2700.0,1797.0,39.96\n",
    "14,4,6,9,899.0,450.0,2026-06-07,5.0,7685.45,4050.0,3635.45,47.3\n",
    "15,5,7,5,1299.0,700.0,2026-06-08,0.0,6495.0,3500.0,2995.0,46.11\n",
    "16,1,8,3,799.0,400.0,2026-06-08,0.0,2397.0,1200.0,1197.0,49.94\n",
    "17,2,1,6,599.0,350.0,2026-06-09,10.0,3234.6,2100.0,1134.6,35.08\n",
    "18,3,3,5,499.0,200.0,2026-06-09,0.0,2495.0,1000.0,1495.0,59.92\n",
    "19,4,4,2,2999.0,1800.0,2026-06-10,0.0,5998.0,3600.0,2398.0,39.98\n",
    "20,5,5,4,3499.0,2200.0,2026-06-10,25.0,10497.0,8800.0,1697.0,16.17\n",
    "22,2,7,3,1299.0,700.0,2026-06-11,5.0,3702.15,2100.0,1602.15,43.28\n",
    "23,3,8,5,799.0,400.0,2026-06-11,0.0,3995.0,2000.0,1995.0,49.94\n",
    "24,4,1,10,599.0,350.0,2026-06-12,0.0,5990.0,3500.0,2490.0,41.57\n",
    "25,5,2,2,1499.0,900.0,2026-06-12,10.0,2698.2,1800.0,898.2,33.29\"\"\"\n",
    "\n",
    "products_data = \"\"\"product_id,product_name,category,price,cost\n",
    "1,Wireless Mouse,Electronics,599.0,350.0\n",
    "2,Bluetooth Speaker,Electronics,1499.0,900.0\n",
    "3,Cotton T-Shirt,Apparel,499.0,200.0\n",
    "4,Running Shoes,Footwear,2999.0,1800.0\n",
    "5,Coffee Maker,Appliances,3499.0,2200.0\n",
    "6,Yoga Mat,Fitness,899.0,450.0\n",
    "7,Backpack,Accessories,1299.0,700.0\n",
    "8,Desk Lamp,Home,799.0,400.0\"\"\"\n",
    "\n",
    "stores_data = \"\"\"store_id,store_name,region,city\n",
    "1,Downtown Mart,South,Chennai\n",
    "2,City Center Store,South,Bangalore\n",
    "3,North Plaza,North,Delhi\n",
    "4,West End Outlet,West,Mumbai\n",
    "5,East Side Shop,East,Kolkata\"\"\"\n",
    "\n",
    "dbutils.fs.put('/FileStore/retail_sales/sales_cleaned.csv', sales_data, overwrite=True)\n",
    "dbutils.fs.put('/FileStore/retail_sales/products.csv', products_data, overwrite=True)\n",
    "dbutils.fs.put('/FileStore/retail_sales/stores.csv', stores_data, overwrite=True)\n",
    "print('All files uploaded to DBFS!')\n"
   ]
  },
  {
   "cell_type": "markdown",
   "metadata": {
    "application/vnd.databricks.v1+cell": {
     "cellMetadata": {
      "byteLimit": 2048000,
      "rowLimit": 10000
     },
     "inputWidgets": {},
     "nuid": "d6ec501a-8913-4053-a080-8cd0add68a90",
     "showTitle": false,
     "tableResultSettingsMap": {},
     "title": ""
    }
   },
   "source": [
    "## Part 1: Load Data into Databricks"
   ]
  },
  {
   "cell_type": "code",
   "execution_count": 0,
   "metadata": {
    "application/vnd.databricks.v1+cell": {
     "cellMetadata": {
      "byteLimit": 2048000,
      "rowLimit": 10000
     },
     "finishTime": 1782469223952,
     "inputWidgets": {},
     "nuid": "df7873eb-3e4c-42d5-8612-dc555d3200cc",
     "showTitle": false,
     "startTime": 1782469199366,
     "submitTime": 1782469169512,
     "tableResultSettingsMap": {},
     "title": ""
    }
   },
   "outputs": [
    {
     "output_type": "stream",
     "name": "stdout",
     "output_type": "stream",
     "text": [
      "sales schema:\nroot\n |-- sale_id: integer (nullable = true)\n |-- store_id: integer (nullable = true)\n |-- product_id: integer (nullable = true)\n |-- quantity: integer (nullable = true)\n |-- price: double (nullable = true)\n |-- cost: double (nullable = true)\n |-- sale_date: date (nullable = true)\n |-- discount_pct: double (nullable = true)\n |-- revenue: double (nullable = true)\n |-- total_cost: double (nullable = true)\n |-- profit: double (nullable = true)\n |-- profit_margin_pct: double (nullable = true)\n\nproducts schema:\nroot\n |-- product_id: integer (nullable = true)\n |-- product_name: string (nullable = true)\n |-- category: string (nullable = true)\n |-- price: double (nullable = true)\n |-- cost: double (nullable = true)\n\nstores schema:\nroot\n |-- store_id: integer (nullable = true)\n |-- store_name: string (nullable = true)\n |-- region: string (nullable = true)\n |-- city: string (nullable = true)\n\n"
     ]
    },
    {
     "output_type": "display_data",
     "data": {
      "text/html": [
       "<style scoped>\n",
       "  .table-result-container {\n",
       "    max-height: 300px;\n",
       "    overflow: auto;\n",
       "  }\n",
       "  table, th, td {\n",
       "    border: 1px solid black;\n",
       "    border-collapse: collapse;\n",
       "  }\n",
       "  th, td {\n",
       "    padding: 5px;\n",
       "  }\n",
       "  th {\n",
       "    text-align: left;\n",
       "  }\n",
       "</style><div class='table-result-container'><table class='table-result'><thead style='background-color: white'><tr><th>sale_id</th><th>store_id</th><th>product_id</th><th>quantity</th><th>price</th><th>cost</th><th>sale_date</th><th>discount_pct</th><th>revenue</th><th>total_cost</th><th>profit</th><th>profit_margin_pct</th></tr></thead><tbody><tr><td>1</td><td>1</td><td>1</td><td>5</td><td>599.0</td><td>350.0</td><td>2026-06-01</td><td>5.0</td><td>2845.25</td><td>1750.0</td><td>1095.25</td><td>38.49</td></tr><tr><td>2</td><td>1</td><td>3</td><td>10</td><td>499.0</td><td>200.0</td><td>2026-06-01</td><td>0.0</td><td>4990.0</td><td>2000.0</td><td>2990.0</td><td>59.92</td></tr><tr><td>3</td><td>2</td><td>2</td><td>3</td><td>1499.0</td><td>900.0</td><td>2026-06-02</td><td>10.0</td><td>4047.3</td><td>2700.0</td><td>1347.3</td><td>33.29</td></tr><tr><td>4</td><td>2</td><td>4</td><td>5</td><td>2999.0</td><td>1800.0</td><td>2026-06-02</td><td>0.0</td><td>14995.0</td><td>9000.0</td><td>5995.0</td><td>39.98</td></tr><tr><td>5</td><td>3</td><td>5</td><td>1</td><td>3499.0</td><td>2200.0</td><td>2026-06-03</td><td>15.0</td><td>2974.15</td><td>2200.0</td><td>774.15</td><td>26.03</td></tr><tr><td>6</td><td>3</td><td>6</td><td>7</td><td>899.0</td><td>450.0</td><td>2026-06-03</td><td>0.0</td><td>6293.0</td><td>3150.0</td><td>3143.0</td><td>49.94</td></tr><tr><td>7</td><td>4</td><td>7</td><td>4</td><td>1299.0</td><td>700.0</td><td>2026-06-04</td><td>5.0</td><td>4936.2</td><td>2800.0</td><td>2136.2</td><td>43.28</td></tr><tr><td>8</td><td>4</td><td>8</td><td>6</td><td>799.0</td><td>400.0</td><td>2026-06-04</td><td>0.0</td><td>4794.0</td><td>2400.0</td><td>2394.0</td><td>49.94</td></tr><tr><td>9</td><td>5</td><td>1</td><td>8</td><td>599.0</td><td>350.0</td><td>2026-06-05</td><td>0.0</td><td>4792.0</td><td>2800.0</td><td>1992.0</td><td>41.57</td></tr><tr><td>10</td><td>5</td><td>3</td><td>12</td><td>499.0</td><td>200.0</td><td>2026-06-05</td><td>20.0</td><td>4790.4</td><td>2400.0</td><td>2390.4</td><td>49.9</td></tr><tr><td>11</td><td>1</td><td>4</td><td>2</td><td>2999.0</td><td>1800.0</td><td>2026-06-06</td><td>0.0</td><td>5998.0</td><td>3600.0</td><td>2398.0</td><td>39.98</td></tr><tr><td>12</td><td>2</td><td>7</td><td>3</td><td>1299.0</td><td>700.0</td><td>2026-06-07</td><td>5.0</td><td>3702.15</td><td>2100.0</td><td>1602.15</td><td>43.28</td></tr><tr><td>13</td><td>3</td><td>2</td><td>3</td><td>1499.0</td><td>900.0</td><td>2026-06-07</td><td>0.0</td><td>4497.0</td><td>2700.0</td><td>1797.0</td><td>39.96</td></tr><tr><td>14</td><td>4</td><td>6</td><td>9</td><td>899.0</td><td>450.0</td><td>2026-06-07</td><td>5.0</td><td>7685.45</td><td>4050.0</td><td>3635.45</td><td>47.3</td></tr><tr><td>15</td><td>5</td><td>7</td><td>5</td><td>1299.0</td><td>700.0</td><td>2026-06-08</td><td>0.0</td><td>6495.0</td><td>3500.0</td><td>2995.0</td><td>46.11</td></tr><tr><td>16</td><td>1</td><td>8</td><td>3</td><td>799.0</td><td>400.0</td><td>2026-06-08</td><td>0.0</td><td>2397.0</td><td>1200.0</td><td>1197.0</td><td>49.94</td></tr><tr><td>17</td><td>2</td><td>1</td><td>6</td><td>599.0</td><td>350.0</td><td>2026-06-09</td><td>10.0</td><td>3234.6</td><td>2100.0</td><td>1134.6</td><td>35.08</td></tr><tr><td>18</td><td>3</td><td>3</td><td>5</td><td>499.0</td><td>200.0</td><td>2026-06-09</td><td>0.0</td><td>2495.0</td><td>1000.0</td><td>1495.0</td><td>59.92</td></tr><tr><td>19</td><td>4</td><td>4</td><td>2</td><td>2999.0</td><td>1800.0</td><td>2026-06-10</td><td>0.0</td><td>5998.0</td><td>3600.0</td><td>2398.0</td><td>39.98</td></tr><tr><td>20</td><td>5</td><td>5</td><td>4</td><td>3499.0</td><td>2200.0</td><td>2026-06-10</td><td>25.0</td><td>10497.0</td><td>8800.0</td><td>1697.0</td><td>16.17</td></tr><tr><td>22</td><td>2</td><td>7</td><td>3</td><td>1299.0</td><td>700.0</td><td>2026-06-11</td><td>5.0</td><td>3702.15</td><td>2100.0</td><td>1602.15</td><td>43.28</td></tr><tr><td>23</td><td>3</td><td>8</td><td>5</td><td>799.0</td><td>400.0</td><td>2026-06-11</td><td>0.0</td><td>3995.0</td><td>2000.0</td><td>1995.0</td><td>49.94</td></tr><tr><td>24</td><td>4</td><td>1</td><td>10</td><td>599.0</td><td>350.0</td><td>2026-06-12</td><td>0.0</td><td>5990.0</td><td>3500.0</td><td>2490.0</td><td>41.57</td></tr><tr><td>25</td><td>5</td><td>2</td><td>2</td><td>1499.0</td><td>900.0</td><td>2026-06-12</td><td>10.0</td><td>2698.2</td><td>1800.0</td><td>898.2</td><td>33.29</td></tr></tbody></table></div>"
      ]
     },
     "metadata": {
      "application/vnd.databricks.v1+output": {
       "addedWidgets": {},
       "aggData": [],
       "aggError": "",
       "aggOverflow": false,
       "aggSchema": [],
       "aggSeriesLimitReached": false,
       "aggType": "",
       "arguments": {},
       "columnCustomDisplayInfos": {},
       "data": [
        [
         1,
         1,
         1,
         5,
         599.0,
         350.0,
         "2026-06-01",
         5.0,
         2845.25,
         1750.0,
         1095.25,
         38.49
        ],
        [
         2,
         1,
         3,
         10,
         499.0,
         200.0,
         "2026-06-01",
         0.0,
         4990.0,
         2000.0,
         2990.0,
         59.92
        ],
        [
         3,
         2,
         2,
         3,
         1499.0,
         900.0,
         "2026-06-02",
         10.0,
         4047.3,
         2700.0,
         1347.3,
         33.29
        ],
        [
         4,
         2,
         4,
         5,
         2999.0,
         1800.0,
         "2026-06-02",
         0.0,
         14995.0,
         9000.0,
         5995.0,
         39.98
        ],
        [
         5,
         3,
         5,
         1,
         3499.0,
         2200.0,
         "2026-06-03",
         15.0,
         2974.15,
         2200.0,
         774.15,
         26.03
        ],
        [
         6,
         3,
         6,
         7,
         899.0,
         450.0,
         "2026-06-03",
         0.0,
         6293.0,
         3150.0,
         3143.0,
         49.94
        ],
        [
         7,
         4,
         7,
         4,
         1299.0,
         700.0,
         "2026-06-04",
         5.0,
         4936.2,
         2800.0,
         2136.2,
         43.28
        ],
        [
         8,
         4,
         8,
         6,
         799.0,
         400.0,
         "2026-06-04",
         0.0,
         4794.0,
         2400.0,
         2394.0,
         49.94
        ],
        [
         9,
         5,
         1,
         8,
         599.0,
         350.0,
         "2026-06-05",
         0.0,
         4792.0,
         2800.0,
         1992.0,
         41.57
        ],
        [
         10,
         5,
         3,
         12,
         499.0,
         200.0,
         "2026-06-05",
         20.0,
         4790.4,
         2400.0,
         2390.4,
         49.9
        ],
        [
         11,
         1,
         4,
         2,
         2999.0,
         1800.0,
         "2026-06-06",
         0.0,
         5998.0,
         3600.0,
         2398.0,
         39.98
        ],
        [
         12,
         2,
         7,
         3,
         1299.0,
         700.0,
         "2026-06-07",
         5.0,
         3702.15,
         2100.0,
         1602.15,
         43.28
        ],
        [
         13,
         3,
         2,
         3,
         1499.0,
         900.0,
         "2026-06-07",
         0.0,
         4497.0,
         2700.0,
         1797.0,
         39.96
        ],
        [
         14,
         4,
         6,
         9,
         899.0,
         450.0,
         "2026-06-07",
         5.0,
         7685.45,
         4050.0,
         3635.45,
         47.3
        ],
        [
         15,
         5,
         7,
         5,
         1299.0,
         700.0,
         "2026-06-08",
         0.0,
         6495.0,
         3500.0,
         2995.0,
         46.11
        ],
        [
         16,
         1,
         8,
         3,
         799.0,
         400.0,
         "2026-06-08",
         0.0,
         2397.0,
         1200.0,
         1197.0,
         49.94
        ],
        [
         17,
         2,
         1,
         6,
         599.0,
         350.0,
         "2026-06-09",
         10.0,
         3234.6,
         2100.0,
         1134.6,
         35.08
        ],
        [
         18,
         3,
         3,
         5,
         499.0,
         200.0,
         "2026-06-09",
         0.0,
         2495.0,
         1000.0,
         1495.0,
         59.92
        ],
        [
         19,
         4,
         4,
         2,
         2999.0,
         1800.0,
         "2026-06-10",
         0.0,
         5998.0,
         3600.0,
         2398.0,
         39.98
        ],
        [
         20,
         5,
         5,
         4,
         3499.0,
         2200.0,
         "2026-06-10",
         25.0,
         10497.0,
         8800.0,
         1697.0,
         16.17
        ],
        [
         22,
         2,
         7,
         3,
         1299.0,
         700.0,
         "2026-06-11",
         5.0,
         3702.15,
         2100.0,
         1602.15,
         43.28
        ],
        [
         23,
         3,
         8,
         5,
         799.0,
         400.0,
         "2026-06-11",
         0.0,
         3995.0,
         2000.0,
         1995.0,
         49.94
        ],
        [
         24,
         4,
         1,
         10,
         599.0,
         350.0,
         "2026-06-12",
         0.0,
         5990.0,
         3500.0,
         2490.0,
         41.57
        ],
        [
         25,
         5,
         2,
         2,
         1499.0,
         900.0,
         "2026-06-12",
         10.0,
         2698.2,
         1800.0,
         898.2,
         33.29
        ]
       ],
       "datasetInfos": [],
       "dbfsResultPath": null,
       "isJsonSchema": true,
       "metadata": {},
       "overflow": false,
       "plotOptions": {
        "customPlotOptions": {},
        "displayType": "table",
        "pivotAggregation": null,
        "pivotColumns": null,
        "xColumns": null,
        "yColumns": null
       },
       "removedWidgets": [],
       "schema": [
        {
         "metadata": "{}",
         "name": "sale_id",
         "type": "\"integer\""
        },
        {
         "metadata": "{}",
         "name": "store_id",
         "type": "\"integer\""
        },
        {
         "metadata": "{}",
         "name": "product_id",
         "type": "\"integer\""
        },
        {
         "metadata": "{}",
         "name": "quantity",
         "type": "\"integer\""
        },
        {
         "metadata": "{}",
         "name": "price",
         "type": "\"double\""
        },
        {
         "metadata": "{}",
         "name": "cost",
         "type": "\"double\""
        },
        {
         "metadata": "{\"__detected_date_formats\": \"yyyy-M-d\"}",
         "name": "sale_date",
         "type": "\"date\""
        },
        {
         "metadata": "{}",
         "name": "discount_pct",
         "type": "\"double\""
        },
        {
         "metadata": "{}",
         "name": "revenue",
         "type": "\"double\""
        },
        {
         "metadata": "{}",
         "name": "total_cost",
         "type": "\"double\""
        },
        {
         "metadata": "{}",
         "name": "profit",
         "type": "\"double\""
        },
        {
         "metadata": "{}",
         "name": "profit_margin_pct",
         "type": "\"double\""
        }
       ],
       "type": "table"
      }
     },
     "output_type": "display_data"
    }
   ],
   "source": [
    "df_sales = spark.read.csv('/FileStore/retail_sales/sales_cleaned.csv', header=True, inferSchema=True)\n",
    "df_products = spark.read.csv('/FileStore/retail_sales/products.csv', header=True, inferSchema=True)\n",
    "df_stores = spark.read.csv('/FileStore/retail_sales/stores.csv', header=True, inferSchema=True)\n",
    "\n",
    "print('sales schema:')\n",
    "df_sales.printSchema()\n",
    "print('products schema:')\n",
    "df_products.printSchema()\n",
    "print('stores schema:')\n",
    "df_stores.printSchema()\n",
    "\n",
    "display(df_sales)\n"
   ]
  },
  {
   "cell_type": "markdown",
   "metadata": {
    "application/vnd.databricks.v1+cell": {
     "cellMetadata": {
      "byteLimit": 2048000,
      "rowLimit": 10000
     },
     "inputWidgets": {},
     "nuid": "e6549f13-f384-4590-977f-a16b21f97e2b",
     "showTitle": false,
     "tableResultSettingsMap": {},
     "title": ""
    }
   },
   "source": [
    "## Part 2: Save as Bronze Delta Tables"
   ]
  },
  {
   "cell_type": "code",
   "execution_count": 0,
   "metadata": {
    "application/vnd.databricks.v1+cell": {
     "cellMetadata": {
      "byteLimit": 2048000,
      "rowLimit": 10000
     },
     "finishTime": 1782469245327,
     "inputWidgets": {},
     "nuid": "d92bd966-310d-493a-bf61-7c00487f83e7",
     "showTitle": false,
     "startTime": 1782469224074,
     "submitTime": 1782469169538,
     "tableResultSettingsMap": {},
     "title": ""
    }
   },
   "outputs": [
    {
     "output_type": "stream",
     "name": "stdout",
     "output_type": "stream",
     "text": [
      "Bronze tables created!\n"
     ]
    }
   ],
   "source": [
    "spark.sql('DROP TABLE IF EXISTS bronze_sales')\n",
    "spark.sql('DROP TABLE IF EXISTS bronze_products')\n",
    "spark.sql('DROP TABLE IF EXISTS bronze_stores')\n",
    "\n",
    "df_sales.write.format('delta').mode('overwrite').saveAsTable('bronze_sales')\n",
    "df_products.write.format('delta').mode('overwrite').saveAsTable('bronze_products')\n",
    "df_stores.write.format('delta').mode('overwrite').saveAsTable('bronze_stores')\n",
    "print('Bronze tables created!')\n"
   ]
  },
  {
   "cell_type": "markdown",
   "metadata": {
    "application/vnd.databricks.v1+cell": {
     "cellMetadata": {
      "byteLimit": 2048000,
      "rowLimit": 10000
     },
     "inputWidgets": {},
     "nuid": "fec9c4b6-5a1c-4cbd-806b-eafbfb122af8",
     "showTitle": false,
     "tableResultSettingsMap": {},
     "title": ""
    }
   },
   "source": [
    "## Part 3: Clean and Transform — Silver Layer"
   ]
  },
  {
   "cell_type": "code",
   "execution_count": 0,
   "metadata": {
    "application/vnd.databricks.v1+cell": {
     "cellMetadata": {
      "byteLimit": 2048000,
      "rowLimit": 10000
     },
     "finishTime": 1782469247227,
     "inputWidgets": {},
     "nuid": "42fd63f8-1b60-4b91-8f35-90f336f4ea10",
     "showTitle": false,
     "startTime": 1782469245369,
     "submitTime": 1782469169557,
     "tableResultSettingsMap": {},
     "title": ""
    }
   },
   "outputs": [
    {
     "output_type": "stream",
     "name": "stdout",
     "output_type": "stream",
     "text": [
      "Nulls handled\n"
     ]
    }
   ],
   "source": [
    "from pyspark.sql.functions import col, when, round as spark_round, date_format, avg, sum as spark_sum\n",
    "\n",
    "# Handle nulls\n",
    "df_sales = df_sales.fillna({'discount_pct': 0, 'revenue': 0, 'profit': 0})\n",
    "print('Nulls handled')\n"
   ]
  },
  {
   "cell_type": "code",
   "execution_count": 0,
   "metadata": {
    "application/vnd.databricks.v1+cell": {
     "cellMetadata": {
      "byteLimit": 2048000,
      "rowLimit": 10000
     },
     "finishTime": 1782469253237,
     "inputWidgets": {},
     "nuid": "e29b142c-8cdf-48da-849b-47ba3700a9e3",
     "showTitle": false,
     "startTime": 1782469247283,
     "submitTime": 1782469169559,
     "tableResultSettingsMap": {},
     "title": ""
    }
   },
   "outputs": [
    {
     "output_type": "display_data",
     "data": {
      "text/html": [
       "<style scoped>\n",
       "  .table-result-container {\n",
       "    max-height: 300px;\n",
       "    overflow: auto;\n",
       "  }\n",
       "  table, th, td {\n",
       "    border: 1px solid black;\n",
       "    border-collapse: collapse;\n",
       "  }\n",
       "  th, td {\n",
       "    padding: 5px;\n",
       "  }\n",
       "  th {\n",
       "    text-align: left;\n",
       "  }\n",
       "</style><div class='table-result-container'><table class='table-result'><thead style='background-color: white'><tr><th>store_id</th><th>product_id</th><th>sale_id</th><th>quantity</th><th>price</th><th>cost</th><th>sale_date</th><th>discount_pct</th><th>revenue</th><th>total_cost</th><th>profit</th><th>profit_margin_pct</th><th>product_name</th><th>category</th><th>store_name</th><th>region</th><th>city</th></tr></thead><tbody><tr><td>1</td><td>1</td><td>1</td><td>5</td><td>599.0</td><td>350.0</td><td>2026-06-01</td><td>5.0</td><td>2845.25</td><td>1750.0</td><td>1095.25</td><td>38.49</td><td>Wireless Mouse</td><td>Electronics</td><td>Downtown Mart</td><td>South</td><td>Chennai</td></tr><tr><td>1</td><td>3</td><td>2</td><td>10</td><td>499.0</td><td>200.0</td><td>2026-06-01</td><td>0.0</td><td>4990.0</td><td>2000.0</td><td>2990.0</td><td>59.92</td><td>Cotton T-Shirt</td><td>Apparel</td><td>Downtown Mart</td><td>South</td><td>Chennai</td></tr><tr><td>2</td><td>2</td><td>3</td><td>3</td><td>1499.0</td><td>900.0</td><td>2026-06-02</td><td>10.0</td><td>4047.3</td><td>2700.0</td><td>1347.3</td><td>33.29</td><td>Bluetooth Speaker</td><td>Electronics</td><td>City Center Store</td><td>South</td><td>Bangalore</td></tr><tr><td>2</td><td>4</td><td>4</td><td>5</td><td>2999.0</td><td>1800.0</td><td>2026-06-02</td><td>0.0</td><td>14995.0</td><td>9000.0</td><td>5995.0</td><td>39.98</td><td>Running Shoes</td><td>Footwear</td><td>City Center Store</td><td>South</td><td>Bangalore</td></tr><tr><td>3</td><td>5</td><td>5</td><td>1</td><td>3499.0</td><td>2200.0</td><td>2026-06-03</td><td>15.0</td><td>2974.15</td><td>2200.0</td><td>774.15</td><td>26.03</td><td>Coffee Maker</td><td>Appliances</td><td>North Plaza</td><td>North</td><td>Delhi</td></tr><tr><td>3</td><td>6</td><td>6</td><td>7</td><td>899.0</td><td>450.0</td><td>2026-06-03</td><td>0.0</td><td>6293.0</td><td>3150.0</td><td>3143.0</td><td>49.94</td><td>Yoga Mat</td><td>Fitness</td><td>North Plaza</td><td>North</td><td>Delhi</td></tr><tr><td>4</td><td>7</td><td>7</td><td>4</td><td>1299.0</td><td>700.0</td><td>2026-06-04</td><td>5.0</td><td>4936.2</td><td>2800.0</td><td>2136.2</td><td>43.28</td><td>Backpack</td><td>Accessories</td><td>West End Outlet</td><td>West</td><td>Mumbai</td></tr><tr><td>4</td><td>8</td><td>8</td><td>6</td><td>799.0</td><td>400.0</td><td>2026-06-04</td><td>0.0</td><td>4794.0</td><td>2400.0</td><td>2394.0</td><td>49.94</td><td>Desk Lamp</td><td>Home</td><td>West End Outlet</td><td>West</td><td>Mumbai</td></tr><tr><td>5</td><td>1</td><td>9</td><td>8</td><td>599.0</td><td>350.0</td><td>2026-06-05</td><td>0.0</td><td>4792.0</td><td>2800.0</td><td>1992.0</td><td>41.57</td><td>Wireless Mouse</td><td>Electronics</td><td>East Side Shop</td><td>East</td><td>Kolkata</td></tr><tr><td>5</td><td>3</td><td>10</td><td>12</td><td>499.0</td><td>200.0</td><td>2026-06-05</td><td>20.0</td><td>4790.4</td><td>2400.0</td><td>2390.4</td><td>49.9</td><td>Cotton T-Shirt</td><td>Apparel</td><td>East Side Shop</td><td>East</td><td>Kolkata</td></tr><tr><td>1</td><td>4</td><td>11</td><td>2</td><td>2999.0</td><td>1800.0</td><td>2026-06-06</td><td>0.0</td><td>5998.0</td><td>3600.0</td><td>2398.0</td><td>39.98</td><td>Running Shoes</td><td>Footwear</td><td>Downtown Mart</td><td>South</td><td>Chennai</td></tr><tr><td>2</td><td>7</td><td>12</td><td>3</td><td>1299.0</td><td>700.0</td><td>2026-06-07</td><td>5.0</td><td>3702.15</td><td>2100.0</td><td>1602.15</td><td>43.28</td><td>Backpack</td><td>Accessories</td><td>City Center Store</td><td>South</td><td>Bangalore</td></tr><tr><td>3</td><td>2</td><td>13</td><td>3</td><td>1499.0</td><td>900.0</td><td>2026-06-07</td><td>0.0</td><td>4497.0</td><td>2700.0</td><td>1797.0</td><td>39.96</td><td>Bluetooth Speaker</td><td>Electronics</td><td>North Plaza</td><td>North</td><td>Delhi</td></tr><tr><td>4</td><td>6</td><td>14</td><td>9</td><td>899.0</td><td>450.0</td><td>2026-06-07</td><td>5.0</td><td>7685.45</td><td>4050.0</td><td>3635.45</td><td>47.3</td><td>Yoga Mat</td><td>Fitness</td><td>West End Outlet</td><td>West</td><td>Mumbai</td></tr><tr><td>5</td><td>7</td><td>15</td><td>5</td><td>1299.0</td><td>700.0</td><td>2026-06-08</td><td>0.0</td><td>6495.0</td><td>3500.0</td><td>2995.0</td><td>46.11</td><td>Backpack</td><td>Accessories</td><td>East Side Shop</td><td>East</td><td>Kolkata</td></tr><tr><td>1</td><td>8</td><td>16</td><td>3</td><td>799.0</td><td>400.0</td><td>2026-06-08</td><td>0.0</td><td>2397.0</td><td>1200.0</td><td>1197.0</td><td>49.94</td><td>Desk Lamp</td><td>Home</td><td>Downtown Mart</td><td>South</td><td>Chennai</td></tr><tr><td>2</td><td>1</td><td>17</td><td>6</td><td>599.0</td><td>350.0</td><td>2026-06-09</td><td>10.0</td><td>3234.6</td><td>2100.0</td><td>1134.6</td><td>35.08</td><td>Wireless Mouse</td><td>Electronics</td><td>City Center Store</td><td>South</td><td>Bangalore</td></tr><tr><td>3</td><td>3</td><td>18</td><td>5</td><td>499.0</td><td>200.0</td><td>2026-06-09</td><td>0.0</td><td>2495.0</td><td>1000.0</td><td>1495.0</td><td>59.92</td><td>Cotton T-Shirt</td><td>Apparel</td><td>North Plaza</td><td>North</td><td>Delhi</td></tr><tr><td>4</td><td>4</td><td>19</td><td>2</td><td>2999.0</td><td>1800.0</td><td>2026-06-10</td><td>0.0</td><td>5998.0</td><td>3600.0</td><td>2398.0</td><td>39.98</td><td>Running Shoes</td><td>Footwear</td><td>West End Outlet</td><td>West</td><td>Mumbai</td></tr><tr><td>5</td><td>5</td><td>20</td><td>4</td><td>3499.0</td><td>2200.0</td><td>2026-06-10</td><td>25.0</td><td>10497.0</td><td>8800.0</td><td>1697.0</td><td>16.17</td><td>Coffee Maker</td><td>Appliances</td><td>East Side Shop</td><td>East</td><td>Kolkata</td></tr><tr><td>2</td><td>7</td><td>22</td><td>3</td><td>1299.0</td><td>700.0</td><td>2026-06-11</td><td>5.0</td><td>3702.15</td><td>2100.0</td><td>1602.15</td><td>43.28</td><td>Backpack</td><td>Accessories</td><td>City Center Store</td><td>South</td><td>Bangalore</td></tr><tr><td>3</td><td>8</td><td>23</td><td>5</td><td>799.0</td><td>400.0</td><td>2026-06-11</td><td>0.0</td><td>3995.0</td><td>2000.0</td><td>1995.0</td><td>49.94</td><td>Desk Lamp</td><td>Home</td><td>North Plaza</td><td>North</td><td>Delhi</td></tr><tr><td>4</td><td>1</td><td>24</td><td>10</td><td>599.0</td><td>350.0</td><td>2026-06-12</td><td>0.0</td><td>5990.0</td><td>3500.0</td><td>2490.0</td><td>41.57</td><td>Wireless Mouse</td><td>Electronics</td><td>West End Outlet</td><td>West</td><td>Mumbai</td></tr><tr><td>5</td><td>2</td><td>25</td><td>2</td><td>1499.0</td><td>900.0</td><td>2026-06-12</td><td>10.0</td><td>2698.2</td><td>1800.0</td><td>898.2</td><td>33.29</td><td>Bluetooth Speaker</td><td>Electronics</td><td>East Side Shop</td><td>East</td><td>Kolkata</td></tr></tbody></table></div>"
      ]
     },
     "metadata": {
      "application/vnd.databricks.v1+output": {
       "addedWidgets": {},
       "aggData": [],
       "aggError": "",
       "aggOverflow": false,
       "aggSchema": [],
       "aggSeriesLimitReached": false,
       "aggType": "",
       "arguments": {},
       "columnCustomDisplayInfos": {},
       "data": [
        [
         1,
         1,
         1,
         5,
         599.0,
         350.0,
         "2026-06-01",
         5.0,
         2845.25,
         1750.0,
         1095.25,
         38.49,
         "Wireless Mouse",
         "Electronics",
         "Downtown Mart",
         "South",
         "Chennai"
        ],
        [
         1,
         3,
         2,
         10,
         499.0,
         200.0,
         "2026-06-01",
         0.0,
         4990.0,
         2000.0,
         2990.0,
         59.92,
         "Cotton T-Shirt",
         "Apparel",
         "Downtown Mart",
         "South",
         "Chennai"
        ],
        [
         2,
         2,
         3,
         3,
         1499.0,
         900.0,
         "2026-06-02",
         10.0,
         4047.3,
         2700.0,
         1347.3,
         33.29,
         "Bluetooth Speaker",
         "Electronics",
         "City Center Store",
         "South",
         "Bangalore"
        ],
        [
         2,
         4,
         4,
         5,
         2999.0,
         1800.0,
         "2026-06-02",
         0.0,
         14995.0,
         9000.0,
         5995.0,
         39.98,
         "Running Shoes",
         "Footwear",
         "City Center Store",
         "South",
         "Bangalore"
        ],
        [
         3,
         5,
         5,
         1,
         3499.0,
         2200.0,
         "2026-06-03",
         15.0,
         2974.15,
         2200.0,
         774.15,
         26.03,
         "Coffee Maker",
         "Appliances",
         "North Plaza",
         "North",
         "Delhi"
        ],
        [
         3,
         6,
         6,
         7,
         899.0,
         450.0,
         "2026-06-03",
         0.0,
         6293.0,
         3150.0,
         3143.0,
         49.94,
         "Yoga Mat",
         "Fitness",
         "North Plaza",
         "North",
         "Delhi"
        ],
        [
         4,
         7,
         7,
         4,
         1299.0,
         700.0,
         "2026-06-04",
         5.0,
         4936.2,
         2800.0,
         2136.2,
         43.28,
         "Backpack",
         "Accessories",
         "West End Outlet",
         "West",
         "Mumbai"
        ],
        [
         4,
         8,
         8,
         6,
         799.0,
         400.0,
         "2026-06-04",
         0.0,
         4794.0,
         2400.0,
         2394.0,
         49.94,
         "Desk Lamp",
         "Home",
         "West End Outlet",
         "West",
         "Mumbai"
        ],
        [
         5,
         1,
         9,
         8,
         599.0,
         350.0,
         "2026-06-05",
         0.0,
         4792.0,
         2800.0,
         1992.0,
         41.57,
         "Wireless Mouse",
         "Electronics",
         "East Side Shop",
         "East",
         "Kolkata"
        ],
        [
         5,
         3,
         10,
         12,
         499.0,
         200.0,
         "2026-06-05",
         20.0,
         4790.4,
         2400.0,
         2390.4,
         49.9,
         "Cotton T-Shirt",
         "Apparel",
         "East Side Shop",
         "East",
         "Kolkata"
        ],
        [
         1,
         4,
         11,
         2,
         2999.0,
         1800.0,
         "2026-06-06",
         0.0,
         5998.0,
         3600.0,
         2398.0,
         39.98,
         "Running Shoes",
         "Footwear",
         "Downtown Mart",
         "South",
         "Chennai"
        ],
        [
         2,
         7,
         12,
         3,
         1299.0,
         700.0,
         "2026-06-07",
         5.0,
         3702.15,
         2100.0,
         1602.15,
         43.28,
         "Backpack",
         "Accessories",
         "City Center Store",
         "South",
         "Bangalore"
        ],
        [
         3,
         2,
         13,
         3,
         1499.0,
         900.0,
         "2026-06-07",
         0.0,
         4497.0,
         2700.0,
         1797.0,
         39.96,
         "Bluetooth Speaker",
         "Electronics",
         "North Plaza",
         "North",
         "Delhi"
        ],
        [
         4,
         6,
         14,
         9,
         899.0,
         450.0,
         "2026-06-07",
         5.0,
         7685.45,
         4050.0,
         3635.45,
         47.3,
         "Yoga Mat",
         "Fitness",
         "West End Outlet",
         "West",
         "Mumbai"
        ],
        [
         5,
         7,
         15,
         5,
         1299.0,
         700.0,
         "2026-06-08",
         0.0,
         6495.0,
         3500.0,
         2995.0,
         46.11,
         "Backpack",
         "Accessories",
         "East Side Shop",
         "East",
         "Kolkata"
        ],
        [
         1,
         8,
         16,
         3,
         799.0,
         400.0,
         "2026-06-08",
         0.0,
         2397.0,
         1200.0,
         1197.0,
         49.94,
         "Desk Lamp",
         "Home",
         "Downtown Mart",
         "South",
         "Chennai"
        ],
        [
         2,
         1,
         17,
         6,
         599.0,
         350.0,
         "2026-06-09",
         10.0,
         3234.6,
         2100.0,
         1134.6,
         35.08,
         "Wireless Mouse",
         "Electronics",
         "City Center Store",
         "South",
         "Bangalore"
        ],
        [
         3,
         3,
         18,
         5,
         499.0,
         200.0,
         "2026-06-09",
         0.0,
         2495.0,
         1000.0,
         1495.0,
         59.92,
         "Cotton T-Shirt",
         "Apparel",
         "North Plaza",
         "North",
         "Delhi"
        ],
        [
         4,
         4,
         19,
         2,
         2999.0,
         1800.0,
         "2026-06-10",
         0.0,
         5998.0,
         3600.0,
         2398.0,
         39.98,
         "Running Shoes",
         "Footwear",
         "West End Outlet",
         "West",
         "Mumbai"
        ],
        [
         5,
         5,
         20,
         4,
         3499.0,
         2200.0,
         "2026-06-10",
         25.0,
         10497.0,
         8800.0,
         1697.0,
         16.17,
         "Coffee Maker",
         "Appliances",
         "East Side Shop",
         "East",
         "Kolkata"
        ],
        [
         2,
         7,
         22,
         3,
         1299.0,
         700.0,
         "2026-06-11",
         5.0,
         3702.15,
         2100.0,
         1602.15,
         43.28,
         "Backpack",
         "Accessories",
         "City Center Store",
         "South",
         "Bangalore"
        ],
        [
         3,
         8,
         23,
         5,
         799.0,
         400.0,
         "2026-06-11",
         0.0,
         3995.0,
         2000.0,
         1995.0,
         49.94,
         "Desk Lamp",
         "Home",
         "North Plaza",
         "North",
         "Delhi"
        ],
        [
         4,
         1,
         24,
         10,
         599.0,
         350.0,
         "2026-06-12",
         0.0,
         5990.0,
         3500.0,
         2490.0,
         41.57,
         "Wireless Mouse",
         "Electronics",
         "West End Outlet",
         "West",
         "Mumbai"
        ],
        [
         5,
         2,
         25,
         2,
         1499.0,
         900.0,
         "2026-06-12",
         10.0,
         2698.2,
         1800.0,
         898.2,
         33.29,
         "Bluetooth Speaker",
         "Electronics",
         "East Side Shop",
         "East",
         "Kolkata"
        ]
       ],
       "datasetInfos": [],
       "dbfsResultPath": null,
       "isJsonSchema": true,
       "metadata": {},
       "overflow": false,
       "plotOptions": {
        "customPlotOptions": {},
        "displayType": "table",
        "pivotAggregation": null,
        "pivotColumns": null,
        "xColumns": null,
        "yColumns": null
       },
       "removedWidgets": [],
       "schema": [
        {
         "metadata": "{}",
         "name": "store_id",
         "type": "\"integer\""
        },
        {
         "metadata": "{}",
         "name": "product_id",
         "type": "\"integer\""
        },
        {
         "metadata": "{}",
         "name": "sale_id",
         "type": "\"integer\""
        },
        {
         "metadata": "{}",
         "name": "quantity",
         "type": "\"integer\""
        },
        {
         "metadata": "{}",
         "name": "price",
         "type": "\"double\""
        },
        {
         "metadata": "{}",
         "name": "cost",
         "type": "\"double\""
        },
        {
         "metadata": "{\"__detected_date_formats\": \"yyyy-M-d\"}",
         "name": "sale_date",
         "type": "\"date\""
        },
        {
         "metadata": "{}",
         "name": "discount_pct",
         "type": "\"double\""
        },
        {
         "metadata": "{}",
         "name": "revenue",
         "type": "\"double\""
        },
        {
         "metadata": "{}",
         "name": "total_cost",
         "type": "\"double\""
        },
        {
         "metadata": "{}",
         "name": "profit",
         "type": "\"double\""
        },
        {
         "metadata": "{}",
         "name": "profit_margin_pct",
         "type": "\"double\""
        },
        {
         "metadata": "{}",
         "name": "product_name",
         "type": "\"string\""
        },
        {
         "metadata": "{}",
         "name": "category",
         "type": "\"string\""
        },
        {
         "metadata": "{}",
         "name": "store_name",
         "type": "\"string\""
        },
        {
         "metadata": "{}",
         "name": "region",
         "type": "\"string\""
        },
        {
         "metadata": "{}",
         "name": "city",
         "type": "\"string\""
        }
       ],
       "type": "table"
      }
     },
     "output_type": "display_data"
    }
   ],
   "source": [
    "# Join sales with products and stores\n",
    "df_silver = df_sales \\\n",
    "    .join(df_products.select('product_id', 'product_name', 'category'), 'product_id', 'inner') \\\n",
